1581860120.614116	0.001108	0.000001	0.000724	0.001108	0.000000	0.000000	0.000000	-0.006349	-0.104219	0.000000
1581860120.864506	0.001108	0.000001	0.000724	0.001108	0.000000	-0.009151	0.087042	-0.009770	-0.110340	0.000000
1581860121.114846	0.001630	0.000002	0.001690	0.000522	0.000000	-0.020926	0.085399	-0.029430	-0.106515	0.000000
1581860121.369520	0.000848	0.000002	0.000724	-0.000782	0.000000	-0.025495	0.090212	-0.029522	-0.102513	0.000000
1581860121.619960	0.001239	0.000003	0.001690	0.000391	0.000000	-0.028833	0.090389	-0.030375	-0.102537	0.000000
1581860121.875857	0.001239	0.000003	0.001690	0.000391	0.000000	-0.033580	0.090100	-0.036026	-0.104927	0.000000
1581860122.126272	0.001369	0.000003	0.001690	0.000130	-0.000000	-0.033745	0.089031	-0.033295	-0.103894	0.000000
1581860122.384648	0.001369	0.000003	0.001690	0.000000	-0.000000	-0.034534	0.090607	-0.035212	-0.102983	0.000000
1581860122.635855	0.001304	0.000003	0.001449	-0.000065	0.000000	-0.036775	0.092403	-0.035600	-0.103411	0.000000
1581860122.886174	0.001369	0.000003	0.001690	0.000065	0.000000	-0.035647	0.088032	-0.033485	-0.106503	0.000000
1581860123.149286	0.001369	0.000003	0.001690	0.000065	0.000000	-0.040050	0.085276	-0.031162	-0.107104	0.000000
1581860123.399681	0.002543	0.000004	0.001207	0.001173	-0.000000	-0.034843	0.079318	-0.008314	-0.146871	0.000000
1581860123.653122	0.003325	0.000006	0.001690	0.000782	0.000000	0.001969	0.077917	0.005321	-0.170962	0.000000
1581860123.906837	0.009975	0.000041	0.004105	0.006650	0.000008	0.066925	0.068813	0.005321	-0.170962	0.000000
1581860124.157254	0.009975	0.000041	0.004105	0.006650	0.000008	0.087284	0.061732	0.005321	-0.170962	0.000000
1581860124.407593	0.038854	0.000359	0.008693	0.028881	0.000066	0.061770	0.062542	-0.012662	-0.178490	0.000000
1581860124.658012	0.091726	0.000531	0.005071	0.052872	-0.000096	0.033771	0.067749	-0.063380	-0.121176	0.000000
1581860124.914530	0.144922	0.000993	0.007485	0.053198	0.000064	-0.012303	0.075387	-0.091618	-0.113849	0.000000
1581860125.165226	0.144922	0.000993	0.007485	0.053198	0.000064	-0.004414	0.076684	-0.106092	-0.102266	0.000000
1581860125.415598	0.189254	0.001100	0.004105	0.044332	-0.000075	-0.007195	0.086382	-0.057095	-0.101804	0.000000
1581860125.672435	0.236390	0.001004	0.000000	0.047135	-0.000097	-0.022115	0.171537	-0.023466	-0.089198	0.000000
1581860125.922812	0.279092	0.000895	-0.001690	0.042702	-0.000036	-0.015327	0.165791	0.097498	-0.058299	0.000000
1581860126.189512	0.321142	0.000961	0.000483	0.042050	0.000046	-0.035467	0.121231	0.105283	-0.062467	0.000000
1581860126.447445	0.321142	0.000961	0.000483	0.042050	0.000046	-0.046821	0.105648	0.088692	-0.072403	0.000000
1581860126.709561	0.374143	0.001352	0.005071	0.053003	0.000122	-0.059902	0.077086	0.079338	-0.077423	0.000000
1581860126.960100	0.433197	0.002550	0.015212	0.059065	0.000300	-0.085826	0.059612	0.039712	-0.105508	0.000000
1581860127.227169	0.433197	0.002550	0.015212	0.059065	0.000300	-0.090307	0.057306	0.011864	-0.146791	0.000000
1581860127.477664	0.496545	0.004156	0.021973	0.063368	0.000214	0.009081	0.052779	-0.031186	-0.129874	0.000000
1581860127.739631	0.552885	0.006599	0.036219	0.056391	0.000402	0.038303	0.067214	-0.036339	-0.116460	0.000000
1581860127.994981	0.596483	0.007784	0.030182	0.043615	-0.000132	0.064424	0.071398	-0.076173	-0.104271	0.000000
1581860128.259698	0.596483	0.007784	0.030182	0.043615	-0.000132	0.083151	0.070995	-0.063912	-0.103398	0.000000
1581860128.510156	0.648889	0.008834	0.023422	0.052416	-0.000177	0.056319	0.077305	-0.106214	-0.097406	0.000000
1581860128.761446	0.702605	0.009470	0.015695	0.053719	-0.000208	0.023647	0.157038	-0.098592	-0.095180	0.000000
1581860129.011915	0.747849	0.009656	0.007968	0.045244	-0.000175	0.028729	0.157298	-0.088919	-0.087004	0.000000
1581860129.262240	0.747849	0.009656	0.007968	0.045244	-0.000175	-0.001615	0.163092	-0.078921	-0.086760	0.000000
1581860129.512690	0.786509	0.009754	0.004346	0.038660	-0.000070	-0.016670	0.163602	0.003325	-0.072756	0.000000
1581860129.763119	0.831232	0.009851	0.002898	0.044723	-0.000032	-0.020828	0.175251	0.081287	-0.063135	0.000000
1581860130.062500	0.881888	0.009869	0.001207	0.050656	-0.000043	-0.011698	0.177742	0.088120	-0.062539	0.000000
1581860130.312840	0.920614	0.009860	0.000241	0.038725	-0.000019	-0.063199	0.089937	0.073890	-0.072338	0.000000
1581860130.566345	0.920614	0.009860	0.000241	0.038725	-0.000019	-0.067512	0.085845	0.023473	-0.089918	0.000000
1581860130.816742	0.968462	0.010461	0.008451	0.047852	0.000196	-0.092390	0.069801	0.023898	-0.099235	0.000000
1581860131.067132	1.005218	0.011464	0.021007	0.036769	0.000231	-0.087667	0.066483	0.023778	-0.128245	0.000000
1581860131.317509	1.041688	0.013129	0.037426	0.036507	0.000300	-0.016397	0.063475	0.007149	-0.147243	0.000000
1581860131.567954	1.041688	0.013129	0.037426	0.036507	0.000300	0.098941	0.065308	-0.002160	-0.138812	0.000000
1581860131.821564	1.078584	0.015382	0.053121	0.036964	0.000290	0.111481	0.065408	-0.026402	-0.113009	0.000000
1581860132.071905	1.111778	0.018198	0.074128	0.033312	0.000350	0.079897	0.064229	-0.047142	-0.101975	0.000000
1581860132.334262	1.158042	0.023884	0.106242	0.046606	0.000748	0.079130	0.061683	-0.080061	-0.091832	0.000000
1581860132.584573	1.158042	0.023884	0.106242	0.046606	0.000748	0.022046	0.157226	-0.100699	-0.084907	0.000000
1581860132.845417	1.228380	0.039959	0.185200	0.072095	0.002848	0.008905	0.160818	-0.144060	-0.063214	0.000000
1581860133.096623	1.289938	0.059934	0.270918	0.064659	0.002773	-0.007917	0.179758	-0.119011	-0.057542	0.000000
1581860133.347016	1.340104	0.081029	0.355670	0.054372	0.002305	0.001092	0.177921	-0.071454	-0.055187	0.000000
1581860133.598016	1.340104	0.081029	0.355670	0.054372	0.002305	-0.010368	0.178477	0.028312	-0.058098	0.000000
1581860133.848222	1.382283	0.101755	0.423038	0.046969	0.001583	-0.020077	0.178625	0.104566	-0.060224	0.000000
1581860134.100752	1.433254	0.132839	0.506100	0.059649	0.002479	-0.036884	0.175993	0.095582	-0.070470	0.000000
1581860134.364555	1.433254	0.132839	0.506100	0.059649	0.002479	-0.036884	0.175993	0.073624	-0.061324	0.000000
1581860134.614920	1.433254	0.132839	0.506100	0.059649	0.002479	-0.036884	0.175993	0.044795	-0.085520	0.000000
1581860134.865319	1.515490	0.207940	0.662083	0.111031	0.008677	-0.036884	0.175993	0.028505	-0.107763	0.000000
1581860135.146339	1.552221	0.244025	0.738384	0.051453	0.001964	-0.036884	0.175993	-0.001143	-0.107301	0.000000
1581860135.396687	1.586438	0.283370	0.816135	0.052103	0.002027	-0.036884	0.175993	-0.040140	-0.097668	0.000000
1581860135.647058	1.586438	0.283370	0.816135	0.052103	0.002027	-0.036884	0.175993	-0.075137	-0.083084	0.000000
1581860135.897414	1.619328	0.329237	0.904509	0.056385	0.002493	-0.036884	0.175993	-0.089123	-0.075802	0.000000
1581860136.147789	1.646552	0.376353	0.999403	0.054355	0.002581	-0.036884	0.175993	-0.116252	-0.063603	0.000000
1581860136.417549	1.669439	0.425438	1.089467	0.054103	0.002438	-0.036884	0.175993	-0.142509	-0.052108	0.000000
1581860136.667912	1.689208	0.477331	1.167700	0.055489	0.002172	0.004448	0.176141	-0.145265	-0.046250	0.000000
1581860136.957548	1.689208	0.477331	1.167700	0.055489	0.002172	0.004448	0.176141	-0.083648	-0.051379	0.000000
1581860137.207948	1.705466	0.528659	1.231929	0.053813	0.001729	-0.009232	0.178191	0.019926	-0.046494	0.000000
1581860137.458387	1.718989	0.575847	1.271769	0.049078	0.000978	-0.018363	0.170911	0.059304	-0.055713	0.000000
1581860137.708737	1.730668	0.618883	1.294467	0.044589	0.000506	-0.020085	0.173821	0.092713	-0.063265	0.000000
1581860137.958975	1.730668	0.618883	1.294467	0.044589	0.000506	-0.059196	0.114961	0.081517	-0.063943	0.000000
1581860138.209354	1.741480	0.660867	1.310645	0.043352	0.000351	-0.077482	0.093298	0.067598	-0.061704	0.000000
1581860138.463797	1.750203	0.694368	1.314266	0.034618	0.000063	-0.081594	0.088329	0.067968	-0.063952	0.000000
1581860138.714028	1.761286	0.736618	1.314266	0.043680	-0.000000	-0.084598	0.077053	0.055216	-0.077203	0.000000
1581860138.973354	1.761286	0.736618	1.314266	0.043680	-0.000000	-0.080409	0.075616	0.027269	-0.091317	0.000000
1581860139.223880	1.772662	0.779736	1.313301	0.044593	-0.000022	0.017747	0.060086	0.014538	-0.108901	0.000000
1581860139.499192	1.783362	0.820604	1.314266	0.042246	0.000020	0.058720	0.058124	0.002081	-0.105048	0.000000
1581860139.756045	1.796979	0.871761	1.311852	0.052938	-0.000064	0.101477	0.071307	-0.036579	-0.097626	0.000000
1581860140.007391	1.811520	0.926179	1.310403	0.056328	-0.000041	0.087562	0.076934	-0.051926	-0.096508	0.000000
1581860140.262845	1.811520	0.926179	1.310403	0.056328	-0.000041	0.049248	0.127297	-0.069378	-0.088908	0.000000
1581860140.515668	1.823520	0.968788	1.300986	0.044266	-0.000208	0.024842	0.145404	-0.076635	-0.083684	0.000000
1581860140.766051	1.837017	1.013064	1.283601	0.046286	-0.000402	0.006949	0.165408	-0.063788	-0.086568	0.000000
1581860141.021770	1.851174	1.056928	1.266940	0.046090	-0.000384	0.005680	0.169857	0.034232	-0.065292	0.000000
1581860141.272373	1.851174	1.056928	1.266940	0.046090	-0.000384	-0.010156	0.129827	0.084215	-0.058193	0.000000
1581860141.522737	1.867474	1.102471	1.240380	0.048368	-0.000642	-0.016351	0.159502	0.119615	-0.057086	0.000000
1581860141.773072	1.890650	1.155728	1.187017	0.058060	-0.001549	-0.058819	0.098349	0.088154	-0.051810	0.000000
1581860142.023438	1.915871	1.202777	1.114821	0.053348	-0.001927	-0.090882	0.061234	0.063505	-0.067604	0.000000
1581860142.280071	1.915871	1.202777	1.114821	0.053348	-0.001927	-0.103895	0.051020	0.048414	-0.078466	0.000000
1581860142.530432	1.951870	1.253939	1.010027	0.062472	-0.003276	-0.127363	0.040182	0.018663	-0.089811	0.000000
1581860142.803563	1.990863	1.296950	0.892919	0.057955	-0.003397	-0.140553	0.036363	0.007448	-0.133882	0.000000
1581860143.053973	2.035910	1.336500	0.777984	0.059847	-0.003443	-0.031404	0.059385	-0.008319	-0.148328	0.000000
1581860143.309355	2.094311	1.376685	0.661117	0.070770	-0.004140	0.020608	0.055640	-0.036936	-0.131814	0.000000
1581860143.562998	2.094311	1.376685	0.661117	0.070770	-0.004140	0.084585	0.069548	-0.068062	-0.115936	0.000000
1581860143.813358	2.158361	1.412489	0.560187	0.073284	-0.003701	0.039644	0.122878	-0.087790	-0.114226	0.000000
1581860144.065130	2.212817	1.437426	0.473020	0.059838	-0.002610	0.022515	0.149379	-0.093868	-0.119283	0.000000
1581860144.315540	2.271408	1.459943	0.402272	0.062730	-0.002220	-0.029660	0.170117	-0.078281	-0.109821	0.000000
1581860144.566392	2.271408	1.459943	0.402272	0.062730	-0.002220	-0.013680	0.163006	-0.042699	-0.100202	0.000000
1581860144.826920	2.322208	1.478764	0.370641	0.054167	-0.000857	-0.020501	0.169342	0.003954	-0.087220	0.000000
1581860145.077379	2.376390	1.495741	0.325971	0.056765	-0.001268	-0.068697	0.125324	0.040593	-0.069595	0.000000
1581860145.347151	2.447056	1.510942	0.249911	0.072231	-0.002748	-0.066998	0.090299	0.091916	-0.067615	0.000000
1581860145.612910	2.447056	1.510942	0.249911	0.072231	-0.002748	-0.095172	0.051164	0.038459	-0.070331	0.000000
1581860145.863315	2.535891	1.519105	0.144393	0.089085	-0.004704	-0.108633	0.035621	0.021645	-0.096023	0.000000
1581860146.117595	2.593603	1.517614	0.030907	0.057638	-0.003274	-0.102312	0.031354	0.010646	-0.159529	0.000000
1581860146.368018	2.636530	1.511705	-0.080889	0.043264	-0.002421	-0.117523	0.031921	-0.001928	-0.168531	0.000000
1581860146.618411	2.636530	1.511705	-0.080889	0.043264	-0.002421	-0.117523	0.031921	0.004031	-0.170915	0.000000
1581860146.868758	2.674692	1.503477	-0.168539	0.039001	-0.001710	-0.117523	0.031921	0.004283	-0.175140	0.000000
1581860147.119143	2.729573	1.488440	-0.234458	0.056873	-0.001875	0.105802	0.060510	0.004283	-0.175140	0.000000
1581860147.370723	2.794685	1.465524	-0.303757	0.068985	-0.002391	0.097139	0.064647	0.004283	-0.175140	0.000000
1581860147.621167	2.794685	1.465524	-0.303757	0.068985	-0.002391	0.054622	0.072953	-0.083706	-0.113428	0.000000
1581860147.872967	2.859264	1.441304	-0.340459	0.068960	-0.001266	0.030882	0.153536	-0.084225	-0.106291	0.000000
1581860148.123345	2.920041	1.417897	-0.358568	0.065125	-0.000590	-0.005711	0.176461	-0.036097	-0.097551	0.000000
1581860148.385832	2.977411	1.393382	-0.388751	0.062381	-0.000941	-0.005711	0.176461	0.004447	-0.084378	0.000000
1581860148.636460	2.977411	1.393382	-0.388751	0.062381	-0.000941	-0.066109	0.080225	0.076190	-0.068151	0.000000
1581860148.886997	3.035068	1.365120	-0.433421	0.064195	-0.001434	-0.097971	0.075744	0.098768	-0.056354	0.000000
1581860149.137610	3.092289	1.331778	-0.496200	0.066194	-0.002078	-0.121259	0.057319	0.068996	-0.068896	0.000000
1581860149.400811	3.139249	1.298733	-0.574192	0.057378	-0.002239	-0.121687	0.045624	0.056181	-0.089924	0.000000
1581860149.656802	3.179235	1.263188	-0.675846	0.053432	-0.002718	-0.111527	0.037235	0.033521	-0.107575	0.000000
1581860149.907408	3.179235	1.263188	-0.675846	0.053432	-0.002718	-0.097382	0.038441	0.041658	-0.103622	0.000000
1581860150.157796	3.215004	1.223318	-0.784986	0.053483	-0.002921	-0.097382	0.038441	0.009590	-0.137786	0.000000
1581860150.408189	3.251253	1.175885	-0.873844	0.059639	-0.002651	-0.097382	0.038441	-0.026892	-0.135929	0.000000
1581860150.687303	3.288406	1.122483	-0.933243	0.065026	-0.001932	-0.097382	0.038441	-0.050375	-0.127907	0.000000
1581860150.937684	3.288406	1.122483	-0.933243	0.065026	-0.001932	0.067678	0.073606	-0.095459	-0.101844	0.000000
1581860151.188178	3.326801	1.066997	-0.954733	0.067471	-0.000725	0.058165	0.073468	-0.109310	-0.098163	0.000000
1581860151.438572	3.361317	1.018505	-0.953042	0.059522	0.000050	0.031955	0.155584	-0.112465	-0.081106	0.000000
1581860151.696076	3.392872	0.974467	-0.950386	0.054176	0.000072	0.002161	0.171896	-0.088390	-0.088755	0.000000
1581860151.965176	3.392872	0.974467	-0.950386	0.054176	0.000072	-0.004974	0.159941	-0.036960	-0.093230	0.000000
1581860152.215584	3.432409	0.918665	-0.953042	0.068389	-0.000091	-0.005562	0.176986	0.084595	-0.057003	0.000000
1581860152.469190	3.474247	0.858266	-0.961011	0.073473	-0.000293	-0.058713	0.094691	0.101440	-0.060159	0.000000
1581860152.737729	3.519953	0.791666	-0.966564	0.080775	-0.000224	-0.082478	0.087604	0.083923	-0.057237	0.000000
1581860152.988204	3.519953	0.791666	-0.966564	0.080775	-0.000224	-0.122033	0.073282	0.043615	-0.079538	0.000000
1581860153.238597	3.567151	0.722927	-0.968254	0.083383	-0.000070	-0.137869	0.059846	0.018850	-0.100161	0.000000
1581860153.513806	3.597170	0.679958	-0.963425	0.052416	0.000127	-0.148376	0.050057	0.007362	-0.111253	0.000000
1581860153.764206	3.619946	0.647836	-0.957147	0.039377	0.000124	-0.049961	0.053139	0.005752	-0.164293	0.000000
1581860154.021125	3.619946	0.647836	-0.957147	0.039377	0.000124	0.005225	0.052637	-0.004004	-0.133423	0.000000
1581860154.271490	3.635560	0.626222	-0.949179	0.026664	0.000106	0.079466	0.065555	-0.011477	-0.104403	0.000000
1581860154.521804	3.650852	0.605421	-0.940969	0.025817	0.000106	0.041436	0.098499	-0.034766	-0.094937	0.000000
1581860154.776584	3.668213	0.582504	-0.928655	0.028750	0.000177	0.020172	0.084140	-0.052541	-0.092166	0.000000
1581860155.032557	3.668213	0.582504	-0.928655	0.028750	0.000177	0.007174	0.085085	-0.061673	-0.084587	0.000000
1581860155.292317	3.684366	0.561701	-0.916582	0.026338	0.000159	-0.010098	0.075001	-0.069396	-0.095084	0.000000
1581860155.542666	3.699577	0.542478	-0.906441	0.024513	0.000124	-0.013155	0.082191	-0.015161	-0.080282	0.000000
1581860155.818156	3.704424	0.536421	-0.899438	0.007758	0.000027	-0.013201	0.085313	0.056275	-0.066117	0.000000
1581860156.068545	3.704303	0.536574	-0.900163	-0.000196	0.000000	0.002079	0.112643	0.054194	-0.073576	0.000000
1581860156.318807	3.704303	0.536574	-0.900163	-0.000196	0.000000	-0.004509	0.078756	0.017087	-0.084300	0.000000
1581860156.578597	3.704303	0.536574	-0.900163	0.000000	-0.000000	-0.003101	0.076086	0.003712	-0.091560	0.000000
1581860156.829036	3.704384	0.536472	-0.900163	0.000130	-0.000000	-0.007023	0.073587	-0.007264	-0.094252	0.000000
1581860157.079423	3.704465	0.536370	-0.900163	0.000130	-0.000000	-0.014793	0.072096	-0.017307	-0.099711	0.000000
1581860157.337735	3.704465	0.536370	-0.900163	0.000130	-0.000000	-0.003961	0.084445	-0.002638	-0.087745	0.000000
1581860157.599823	3.704627	0.536165	-0.900163	0.000261	-0.000000	-0.011094	0.079582	-0.007792	-0.093514	0.000000
1581860157.856271	3.704708	0.536063	-0.900163	0.000130	-0.000000	-0.009109	0.082403	-0.004453	-0.089379	0.000000
1581860158.106648	3.704789	0.535961	-0.900163	0.000130	-0.000000	-0.011480	0.078411	-0.006191	-0.090567	0.000000
1581860158.356977	3.704789	0.535961	-0.900163	0.000130	-0.000000	-0.011039	0.080646	-0.004139	-0.090714	0.000000
1581860158.615691	3.704789	0.535961	-0.900163	0.000000	-0.000000	-0.013555	0.077549	-0.004328	-0.088191	0.000000
1581860158.866071	3.704830	0.535910	-0.900404	0.000065	-0.000000	-0.015656	0.075952	-0.010572	-0.096574	0.000000
1581860159.126229	3.704911	0.535808	-0.899921	0.000130	0.000000	-0.008849	0.082812	-0.001727	-0.092879	0.000000
1581860159.377290	3.704911	0.535808	-0.899921	0.000130	0.000000	-0.012656	0.078832	-0.002072	-0.096359	0.000000
1581860159.627714	3.704992	0.535706	-0.899921	0.000130	-0.000000	-0.016122	0.076413	-0.008125	-0.095435	0.000000
1581860159.882006	3.705154	0.535501	-0.899921	0.000261	-0.000000	-0.010147	0.079564	0.001304	-0.094343	0.000000
1581860160.133905	3.707307	0.532799	-0.898714	0.003455	0.000002	-0.002871	0.079813	-0.005343	-0.094842	0.000000
1581860160.385077	3.713069	0.525637	-0.895092	0.009192	0.000017	0.068604	0.072389	-0.007726	-0.098432	0.000000
1581860160.635451	3.713069	0.525637	-0.895092	0.009192	0.000017	0.113431	0.067334	-0.006515	-0.099840	0.000000
1581860160.885811	3.729555	0.505684	-0.885192	0.025882	0.000128	0.107594	0.058390	-0.015681	-0.092045	0.000000
1581860161.149315	3.764611	0.467869	-0.843902	0.051554	0.001064	0.093239	0.060449	-0.056624	-0.085829	0.000000
1581860161.402199	3.814530	0.422490	-0.773155	0.067420	0.002386	0.060991	0.078516	-0.085015	-0.057801	0.000000
1581860161.660520	3.814530	0.422490	-0.773155	0.067420	0.002386	0.024861	0.159407	-0.103606	-0.046810	0.000000
1581860161.910894	3.875312	0.375794	-0.694439	0.076589	0.003016	0.018872	0.177165	-0.099000	-0.013756	0.000000
1581860162.161443	3.935535	0.338366	-0.602201	0.070831	0.003269	0.018872	0.177165	-0.055886	-0.039681	0.000000
1581860162.424019	3.994440	0.307688	-0.520829	0.066360	0.002701	0.018872	0.177165	0.016053	-0.072037	0.000000
1581860162.674367	4.060308	0.279541	-0.442838	0.071576	0.002793	-0.039506	0.168443	0.092507	-0.063477	0.000000
1581860162.924754	4.060308	0.279541	-0.442838	0.071576	0.002793	-0.047106	0.178118	0.067436	-0.068507	0.000000
1581860163.175126	4.132527	0.255051	-0.365570	0.076201	0.002945	-0.083919	0.117751	0.050082	-0.068222	0.000000
1581860163.425555	4.201297	0.233613	-0.323315	0.072018	0.001522	-0.138916	0.088698	0.002971	-0.085504	0.000000
1581860163.723481	4.258464	0.216577	-0.300859	0.059648	0.000670	-0.158880	0.091066	-0.037559	-0.094173	0.000000
1581860163.973729	4.258464	0.216577	-0.300859	0.059648	0.000670	-0.086635	0.082650	-0.050532	-0.108776	0.000000
1581860164.229148	4.312549	0.202570	-0.269228	0.055862	0.000884	0.006459	0.072510	-0.056212	-0.110720	0.000000
1581860164.479439	4.362101	0.192392	-0.224799	0.050574	0.001124	0.089139	0.053521	-0.071770	-0.099475	0.000000
1581860164.729709	4.423615	0.184219	-0.162985	0.062025	0.001918	0.090179	0.056983	-0.091262	-0.079586	0.000000
1581860164.980084	4.423615	0.184219	-0.162985	0.062025	0.001918	0.102948	0.077023	-0.101864	-0.058885	0.000000
1581860165.230649	4.485227	0.180444	-0.095135	0.061692	0.002094	0.029213	0.148403	-0.109806	-0.053849	0.000000
1581860165.485930	4.485227	0.180444	-0.095135	0.061692	0.002094	0.018139	0.149172	-0.104176	-0.056401	0.000000
1581860165.736262	4.485227	0.180444	-0.095135	0.061692	0.002094	0.020651	0.159232	-0.017105	-0.052603	0.000000
1581860165.986588	4.593915	0.188819	0.019558	0.108831	0.006248	-0.013895	0.133376	0.063784	-0.056825	0.000000
1581860166.236961	4.634474	0.190951	0.041531	0.040613	0.000446	-0.008484	0.174694	0.126179	-0.066325	0.000000
1581860166.487152	4.680757	0.193496	0.050465	0.046352	0.000207	-0.020857	0.175415	0.095257	-0.070440	0.000000
1581860166.737599	4.680757	0.193496	0.050465	0.046352	0.000207	-0.049749	0.073420	0.068913	-0.074103	0.000000
1581860166.987947	4.727406	0.195175	0.040807	0.046678	-0.000225	-0.057782	0.067818	0.058642	-0.088801	0.000000
1581860167.238316	4.775374	0.196333	0.029700	0.047982	-0.000266	-0.071880	0.057023	0.039992	-0.113866	0.000000
1581860167.490121	4.816767	0.197008	0.020766	0.041398	-0.000185	-0.095765	0.050858	0.011958	-0.110958	0.000000
1581860167.746523	4.855750	0.197479	0.014971	0.038986	-0.000113	-0.098458	0.051222	0.009025	-0.144672	0.000000
1581860167.996901	4.855750	0.197479	0.014971	0.038986	-0.000113	-0.030102	0.054908	0.004844	-0.173110	0.000000
1581860168.247237	4.907188	0.197634	0.007002	0.051438	-0.000205	0.073558	0.051364	-0.023291	-0.110869	0.000000
1581860168.497599	4.974728	0.198107	0.007002	0.067541	-0.000000	0.098120	0.062563	-0.050695	-0.109266	0.000000
1581860168.774086	5.044550	0.198419	0.005312	0.069823	-0.000059	0.085876	0.074429	-0.064005	-0.100888	0.000000
1581860169.027413	5.044550	0.198419	0.005312	0.069823	-0.000059	0.043443	0.125843	-0.085159	-0.094777	0.000000
1581860169.277788	5.113915	0.198837	0.005795	0.069367	0.000017	0.003477	0.160560	-0.103315	-0.087331	0.000000
1581860169.535654	5.177414	0.198653	0.000000	0.063499	-0.000184	-0.007579	0.172777	-0.106615	-0.086132	0.000000
1581860169.785983	5.231263	0.198341	-0.003863	0.053850	-0.000104	-0.016671	0.173753	0.041185	-0.056918	0.000000
1581860170.063608	5.280024	0.197694	-0.010141	0.048765	-0.000153	-0.028120	0.173830	0.116810	-0.058131	0.000000
1581860170.316230	5.280024	0.197694	-0.010141	0.048765	-0.000153	-0.073091	0.087830	0.112718	-0.068168	0.000000
1581860170.566600	5.340887	0.195841	-0.023663	0.060890	-0.000412	-0.083567	0.079486	0.089937	-0.074830	0.000000
1581860170.816959	5.396143	0.194053	-0.029458	0.055284	-0.000160	-0.103385	0.064112	0.045316	-0.091205	0.000000
1581860171.068532	5.396143	0.194053	-0.029458	0.055284	-0.000160	-0.095384	0.057239	0.041343	-0.100892	0.000000
1581860171.324632	5.445206	0.192412	-0.032114	0.049091	-0.000065	-0.083751	0.050099	0.022753	-0.115530	0.000000
1581860171.581959	5.489725	0.191514	-0.024146	0.044527	0.000177	-0.055487	0.056030	0.003932	-0.147731	0.000000
1581860171.832255	5.542268	0.190968	-0.014971	0.052546	0.000241	0.063396	0.047859	-0.016710	-0.142284	0.000000
1581860172.082703	5.542268	0.190968	-0.014971	0.052546	0.000241	0.112844	0.062100	-0.041695	-0.108418	0.000000
1581860172.333064	5.596204	0.194326	0.036460	0.054022	0.001390	0.090948	0.061293	-0.067727	-0.084586	0.000000
1581860172.586878	5.641470	0.200557	0.103345	0.045667	0.001528	0.076165	0.063004	-0.091566	-0.067711	0.000000
1581860172.837308	5.696122	0.213841	0.193409	0.056187	0.002532	0.038939	0.118741	-0.104360	-0.057116	0.000000
1581860173.087656	5.696122	0.213841	0.193409	0.056187	0.002532	0.020500	0.165241	-0.111903	-0.047313	0.000000
1581860173.337947	5.750630	0.233084	0.290718	0.057736	0.002811	0.005885	0.177384	-0.071399	-0.054044	0.000000
1581860173.588322	5.800580	0.256265	0.386577	0.055005	0.002638	0.006533	0.172093	-0.033446	-0.058740	0.000000
1581860173.838808	5.853273	0.287758	0.487991	0.061308	0.003111	0.006533	0.172093	-0.033446	-0.058740	0.000000
1581860174.089283	5.853273	0.287758	0.487991	0.061308	0.003111	-0.016889	0.177543	0.083502	-0.063261	0.000000
1581860174.339981	5.905013	0.325422	0.582160	0.063926	0.003012	-0.029870	0.179544	0.072425	-0.069166	0.000000
1581860174.621048	5.953408	0.367203	0.668844	0.063875	0.002770	-0.029870	0.179544	0.056890	-0.071830	0.000000
1581860174.875392	5.993421	0.406646	0.741765	0.056148	0.002048	-0.096866	0.106067	0.002105	-0.084386	0.000000
1581860175.170707	6.029416	0.442655	0.770982	0.050909	0.000744	-0.109438	0.099590	-0.010428	-0.086229	0.000000
1581860175.427305	6.064384	0.479932	0.801888	0.051104	0.000790	-0.088351	0.089016	-0.032423	-0.102371	0.000000
1581860175.677703	6.064384	0.479932	0.801888	0.051104	0.000790	-0.020221	0.063779	-0.040586	-0.112526	0.000000
1581860175.928141	6.098656	0.522550	0.862978	0.054664	0.001670	0.076306	0.062110	-0.074254	-0.088939	0.000000
1581860176.178538	6.130865	0.569459	0.933726	0.056867	0.002012	0.070211	0.087506	-0.094947	-0.073961	0.000000
1581860176.434448	6.166412	0.632320	1.015339	0.072155	0.002946	0.061720	0.085897	-0.125910	-0.052011	0.000000
1581860176.741501	6.166412	0.632320	1.015339	0.072155	0.002946	0.019838	0.157489	-0.143585	-0.043014	0.000000
1581860176.991928	6.199525	0.706110	1.104438	0.080799	0.003602	-0.005396	0.178339	-0.080245	-0.054022	0.000000
1581860177.246984	6.219597	0.752403	1.142588	0.050448	0.000962	-0.006396	0.176245	0.025002	-0.054604	0.000000
1581860177.497801	6.219597	0.752403	1.142588	0.050448	0.000962	-0.007453	0.174053	0.074731	-0.053156	0.000000
1581860177.757048	6.245673	0.811443	1.150798	0.064542	0.000265	-0.053040	0.129816	0.109902	-0.057792	0.000000
1581860178.007625	6.276950	0.882938	1.155869	0.078037	0.000198	-0.094919	0.086134	0.066389	-0.065327	0.000000
1581860178.257969	6.306411	0.950816	1.159491	0.073995	0.000134	-0.120171	0.065172	0.029453	-0.081558	0.000000
1581860178.512695	6.306411	0.950816	1.159491	0.073995	0.000134	-0.129793	0.064360	0.016930	-0.085061	0.000000
1581860178.763051	6.333542	1.011099	1.151764	0.066106	-0.000255	-0.156742	0.059060	-0.001644	-0.089712	0.000000
1581860179.030765	6.357401	1.058353	1.119408	0.052928	-0.000856	-0.168110	0.051395	-0.007828	-0.094870	0.000000
1581860179.281126	6.375809	1.093309	1.097194	0.039504	-0.000439	-0.084365	0.054714	-0.013800	-0.105222	0.000000
1581860179.538204	6.401920	1.139731	1.071358	0.053258	-0.000688	0.044619	0.058986	-0.048211	-0.115788	0.000000
1581860179.789771	6.401920	1.139731	1.071358	0.053258	-0.000688	0.083795	0.068492	-0.063263	-0.114651	0.000000
1581860180.040133	6.435022	1.196576	1.052765	0.065777	-0.000611	0.075185	0.084870	-0.085180	-0.101422	0.000000
1581860180.290493	6.465386	1.247846	1.041658	0.059586	-0.000331	0.034976	0.146484	-0.110593	-0.090193	0.000000
1581860180.540857	6.491468	1.290966	1.031758	0.050394	-0.000249	0.006320	0.170995	-0.118903	-0.084507	0.000000
1581860180.795504	6.491468	1.290966	1.031758	0.050394	-0.000249	0.002151	0.176086	-0.079851	-0.081546	0.000000
1581860181.045656	6.515870	1.329915	1.017995	0.045960	-0.000316	-0.010288	0.175016	-0.021128	-0.074184	0.000000
1581860181.301670	6.537031	1.362191	0.999644	0.038593	-0.000354	-0.010288	0.175016	0.111294	-0.062098	0.000000
1581860181.564705	6.568024	1.405104	0.963425	0.052926	-0.000959	-0.007834	0.179688	0.127849	-0.051455	0.000000
1581860181.826791	6.568024	1.405104	0.963425	0.052926	-0.000959	-0.007834	0.179688	0.100211	-0.056302	0.000000
1581860182.082453	6.608701	1.452826	0.897748	0.062672	-0.002059	-0.075784	0.085000	0.059286	-0.061747	0.000000
1581860182.332712	6.648323	1.490602	0.806959	0.054688	-0.002484	-0.099793	0.065138	0.054018	-0.069827	0.000000
1581860182.583089	6.701548	1.528287	0.679710	0.065083	-0.004147	-0.117242	0.049382	0.034824	-0.085596	0.000000
1581860182.835206	6.701548	1.528287	0.679710	0.065083	-0.004147	-0.128928	0.039315	0.009902	-0.099414	0.000000
1581860183.086588	6.759320	1.559798	0.559463	0.065688	-0.003954	-0.061771	0.052598	-0.017110	-0.097385	0.000000
1581860183.344302	6.822786	1.586557	0.452496	0.068779	-0.003682	-0.007610	0.054096	-0.027284	-0.099119	0.000000
1581860183.594713	6.889381	1.609562	0.372573	0.070400	-0.002815	0.067949	0.077982	-0.059393	-0.098528	0.000000
1581860183.844808	6.889381	1.609562	0.372573	0.070400	-0.002815	0.034372	0.125765	-0.090758	-0.095594	0.000000
1581860184.108278	6.942688	1.628352	0.350117	0.056519	-0.000635	0.024265	0.150430	-0.088373	-0.089656	0.000000
1581860184.377137	6.981269	1.641047	0.328627	0.040613	-0.000436	-0.000915	0.172817	-0.078886	-0.086771	0.000000
1581860184.637945	7.024044	1.653873	0.303757	0.044653	-0.000555	-0.003000	0.175731	0.054110	-0.058601	0.000000
1581860184.899714	7.073494	1.665709	0.257879	0.050834	-0.001166	-0.009273	0.149603	0.100526	-0.051119	0.000000
1581860185.149985	7.073494	1.665709	0.257879	0.050834	-0.001166	-0.031979	0.164455	0.122183	-0.053390	0.000000
1581860185.400356	7.134314	1.675033	0.187373	0.061492	-0.002169	-0.055312	0.160883	0.090646	-0.056567	0.000000
1581860185.650788	7.208125	1.678761	0.096101	0.073828	-0.003372	-0.109358	0.075096	0.075998	-0.063800	0.000000
1581860185.902155	7.284550	1.673197	-0.016419	0.076507	-0.004309	-0.136205	0.053170	0.052381	-0.068288	0.000000
1581860186.152513	7.284550	1.673197	-0.016419	0.076507	-0.004309	-0.154048	0.030296	0.042934	-0.077370	0.000000
1581860186.402885	7.357168	1.659538	-0.129423	0.073773	-0.004173	-0.144318	0.036580	0.006217	-0.093781	0.000000
1581860186.666173	7.417648	1.643766	-0.213209	0.062448	-0.002618	-0.107217	0.042223	-0.000777	-0.157818	0.000000
1581860186.916664	7.483825	1.621751	-0.285164	0.069698	-0.002509	0.021949	0.065173	-0.026575	-0.177165	0.000000
1581860187.171630	7.483825	1.621751	-0.285164	0.069698	-0.002509	0.048761	0.074568	-0.026575	-0.177165	0.000000
1581860187.422175	7.556903	1.591912	-0.353497	0.078889	-0.002696	0.018496	0.143597	-0.098782	-0.121185	0.000000
1581860187.687749	7.609363	1.569021	-0.392131	0.057226	-0.001106	-0.002060	0.159669	-0.113396	-0.093543	0.000000
1581860187.938008	7.652103	1.548542	-0.428591	0.047386	-0.000864	-0.012649	0.171572	-0.023767	-0.109848	0.000000
1581860188.190762	7.652103	1.548542	-0.428591	0.047386	-0.000864	-0.017444	0.174269	0.062216	-0.062599	0.000000
1581860188.442295	7.692877	1.526366	-0.474952	0.046402	-0.001076	-0.018317	0.171877	0.120513	-0.044200	0.000000
1581860188.692746	7.737445	1.498420	-0.531695	0.052583	-0.001492	-0.077989	0.081329	0.126754	-0.050352	0.000000
1581860188.943125	7.785321	1.462315	-0.607996	0.059920	-0.002287	-0.100621	0.070265	0.092533	-0.057677	0.000000
1581860189.204486	7.785321	1.462315	-0.607996	0.059920	-0.002287	-0.109588	0.067958	0.057978	-0.070515	0.000000
1581860189.459237	7.835905	1.413946	-0.711341	0.069894	-0.003615	-0.147470	0.032172	0.031124	-0.092033	0.000000
1581860189.715375	7.879007	1.364804	-0.804303	0.065296	-0.003037	-0.149861	0.024180	0.021164	-0.100324	0.000000
1581860189.965738	7.918275	1.305474	-0.925516	0.071018	-0.004309	-0.126460	0.037136	-0.001012	-0.098980	0.000000
1581860190.221144	7.918275	1.305474	-0.925516	0.071018	-0.004309	-0.059562	0.056145	-0.033662	-0.091926	0.000000
1581860190.484404	7.953680	1.248198	-0.986605	0.067304	-0.002056	-0.009768	0.067525	-0.045152	-0.102657	0.000000
1581860190.741853	7.984306	1.194222	-1.032000	0.062044	-0.001408	0.054070	0.137099	-0.081345	-0.093174	0.000000
1581860190.998176	8.009967	1.148443	-1.050592	0.052478	-0.000488	0.041125	0.164365	-0.089341	-0.084357	0.000000
1581860191.248534	8.009967	1.148443	-1.050592	0.052478	-0.000488	0.039603	0.173965	-0.088857	-0.080466	0.000000
1581860191.498895	8.033605	1.105864	-1.059526	0.048699	-0.000218	0.039603	0.173965	-0.085582	-0.073397	0.000000
1581860191.749269	8.055507	1.064864	-1.073289	0.046482	-0.000320	0.039603	0.173965	-0.017253	-0.056172	0.000000
1581860191.999690	8.077754	1.021763	-1.087294	0.048503	-0.000340	0.039603	0.173965	-0.017253	-0.056172	0.000000
1581860192.249954	8.104389	0.968097	-1.102506	0.059911	-0.000456	0.039603	0.173965	-0.017253	-0.056172	0.000000
1581860192.500355	8.104389	0.968097	-1.102506	0.059911	-0.000456	-0.043454	0.179200	0.096222	-0.049791	0.000000
1581860192.754876	8.129939	0.913473	-1.123030	0.060300	-0.000619	-0.068137	0.125747	0.087226	-0.062410	0.000000
1581860193.011229	8.153691	0.861537	-1.135586	0.057109	-0.000359	-0.094056	0.082929	0.044324	-0.081572	0.000000
1581860193.263228	8.171718	0.822467	-1.137518	0.043028	-0.000042	-0.111684	0.068887	0.035175	-0.085483	0.000000
1581860193.513574	8.171718	0.822467	-1.137518	0.043028	-0.000042	-0.109159	0.070425	0.021544	-0.087878	0.000000
1581860193.766137	8.188503	0.785267	-1.143796	0.040811	-0.000128	-0.071074	0.072471	0.016050	-0.093833	0.000000
1581860194.016275	8.208108	0.741972	-1.145003	0.047527	-0.000029	0.091376	0.059383	-0.002470	-0.100144	0.000000
1581860194.282777	8.230101	0.693104	-1.146935	0.053590	-0.000052	0.108815	0.068397	-0.021905	-0.095651	0.000000
1581860194.539667	8.230101	0.693104	-1.146935	0.053590	-0.000052	0.089599	0.069876	-0.047290	-0.089935	0.000000
1581860194.789965	8.253113	0.641406	-1.150315	0.056588	-0.000096	0.063908	0.076725	-0.067282	-0.085361	0.000000
1581860195.040314	8.274714	0.592576	-1.152971	0.053394	-0.000071	0.009316	0.152912	-0.086264	-0.078071	0.000000
1581860195.291191	8.289349	0.559058	-1.157076	0.036574	-0.000075	0.009164	0.169865	-0.017042	-0.077211	0.000000
1581860195.546782	8.289349	0.559058	-1.157076	0.036574	-0.000075	0.015994	0.175978	0.056703	-0.072470	0.000000
1581860195.797151	8.296559	0.542572	-1.158042	0.017994	-0.000009	0.014922	0.175583	0.067084	-0.070360	0.000000
1581860196.055676	8.297843	0.539647	-1.157317	0.003195	0.000001	0.017304	0.175318	0.048544	-0.079281	0.000000
1581860196.306111	8.298026	0.539229	-1.157559	0.000456	-0.000000	0.016391	0.165609	0.015590	-0.117867	0.000000
1581860196.576778	8.298026	0.539229	-1.157559	0.000456	-0.000000	0.015155	0.158852	0.009601	-0.137473	0.000000
1581860196.827209	8.298053	0.539169	-1.157800	0.000065	-0.000000	0.013870	0.152863	0.012292	-0.129092	0.000000
1581860197.078008	8.298131	0.538990	-1.158042	0.000196	-0.000000	0.011440	0.153950	0.015579	-0.144919	0.000000
1581860197.328382	8.298288	0.538632	-1.158042	0.000391	-0.000000	0.013728	0.158227	0.024088	-0.160955	0.000000
1581860197.580069	8.298288	0.538632	-1.158042	0.000391	-0.000000	0.010066	0.162789	0.017331	-0.129663	0.000000
1581860197.830491	8.298523	0.538094	-1.158283	0.000587	-0.000000	0.013584	0.165183	0.017166	-0.133369	0.000000
1581860198.104521	8.298941	0.537139	-1.158283	0.001043	-0.000000	0.009487	0.161131	0.020090	-0.153604	0.000000
1581860198.360173	8.299281	0.536362	-1.158525	0.000848	-0.000000	0.011442	0.157628	0.023328	-0.167454	0.000000
1581860198.610522	8.299281	0.536362	-1.158525	0.000848	-0.000000	0.014236	0.158083	0.022974	-0.166056	0.000000
1581860198.860894	8.299385	0.536123	-1.158525	0.000261	-0.000000	0.012557	0.158199	0.016210	-0.127189	0.000000
1581860199.142008	8.299490	0.535884	-1.158525	0.000261	-0.000000	0.011238	0.165398	0.009154	-0.115763	0.000000
1581860199.392393	8.299620	0.535586	-1.158766	0.000326	-0.000000	0.010359	0.160281	0.018911	-0.151846	0.000000
1581860199.646276	8.299751	0.535287	-1.159008	0.000326	-0.000000	0.014077	0.158334	0.013468	-0.128628	0.000000
1581860199.896652	8.299751	0.535287	-1.159008	0.000326	-0.000000	0.011246	0.162242	0.014026	-0.139896	0.000000
1581860200.146872	8.299829	0.535108	-1.159249	0.000196	-0.000000	0.010427	0.172971	0.013615	-0.138991	0.000000
1581860200.402514	8.299855	0.535048	-1.159008	0.000065	0.000000	0.013938	0.165477	0.015814	-0.139068	0.000000
1581860200.698184	8.299855	0.535048	-1.159008	0.000000	-0.000000	0.007366	0.158130	0.022935	-0.166021	0.000000
1581860200.948535	8.299933	0.534869	-1.159249	0.000196	-0.000000	0.007327	0.155061	0.022792	-0.167245	0.000000
1581860201.208158	8.299933	0.534869	-1.159249	0.000196	-0.000000	0.009491	0.153780	0.016820	-0.141951	0.000000
1581860201.462298	8.300090	0.534510	-1.159249	0.000391	-0.000000	0.009870	0.158292	0.011561	-0.114666	0.000000
1581860201.712579	8.300324	0.533972	-1.159491	0.000587	-0.000000	0.009416	0.165775	0.007835	-0.096509	0.000000
1581860201.963005	8.300663	0.533195	-1.159732	0.000848	-0.000000	0.010591	0.174183	0.009729	-0.114862	0.000000
1581860202.213734	8.300663	0.533195	-1.159732	0.000848	-0.000000	0.009965	0.162567	0.004020	-0.096217	0.000000
1581860202.467022	8.300715	0.533076	-1.159732	0.000130	-0.000000	0.010654	0.157608	0.002692	-0.094089	0.000000
1581860202.717395	8.300819	0.532837	-1.159732	0.000261	-0.000000	0.013749	0.162835	0.009253	-0.096672	0.000000
1581860202.971798	8.300819	0.532837	-1.159732	0.000261	-0.000000	0.010504	0.158923	0.011556	-0.116931	0.000000
1581860203.223565	8.300871	0.532717	-1.159732	0.000130	-0.000000	0.010874	0.161260	0.010598	-0.098997	0.000000
1581860203.477726	8.300871	0.532717	-1.159732	0.000000	-0.000000	0.006660	0.161549	0.008107	-0.096235	0.000000
1581860203.728113	8.301572	0.531102	-1.160939	0.001760	-0.000001	0.012638	0.157738	0.020407	-0.087961	0.000000
1581860203.978448	8.304326	0.524622	-1.166252	0.007041	-0.000019	0.017306	0.178596	0.086545	-0.072148	0.000000
1581860204.239661	8.304326	0.524622	-1.166252	0.007041	-0.000019	0.014894	0.177867	0.101258	-0.059092	0.000000
1581860204.489998	8.312014	0.505369	-1.182671	0.020731	-0.000170	0.007486	0.175126	0.101853	-0.057106	0.000000
1581860204.740419	8.326473	0.460991	-1.231446	0.046661	-0.001138	-0.002675	0.173409	0.097331	-0.061183	0.000000
1581860204.991332	8.339221	0.402134	-1.315474	0.060169	-0.002529	0.005011	0.164117	0.102839	-0.066130	0.000000
1581860205.241698	8.339221	0.402134	-1.315474	0.060169	-0.002529	-0.051648	0.093555	0.063761	-0.084281	0.000000
1581860205.493095	8.345425	0.339818	-1.419543	0.062539	-0.003257	-0.080804	0.054062	0.031410	-0.105320	0.000000
1581860205.761768	8.344735	0.282806	-1.528441	0.056932	-0.003103	-0.080804	0.054062	0.007524	-0.117621	0.000000
1581860206.012279	8.338303	0.225954	-1.631786	0.057139	-0.002955	-0.000448	0.043498	0.016321	-0.121661	0.000000
1581860206.262692	8.338303	0.225954	-1.631786	0.057139	-0.002955	0.052614	0.072091	-0.003253	-0.173778	0.000000
1581860206.513706	8.324666	0.164233	-1.736097	0.063124	-0.003295	0.052707	0.078761	-0.033043	-0.120857	0.000000
1581860206.764082	8.307872	0.101520	-1.800325	0.064889	-0.002085	0.014980	0.159187	-0.068037	-0.092147	0.000000
1581860207.040749	8.295483	0.062639	-1.852964	0.040793	-0.001074	0.014980	0.159187	-0.062992	-0.087048	0.000000
1581860207.291207	8.295483	0.062639	-1.852964	0.040793	-0.001074	0.014980	0.159187	0.049717	-0.059510	0.000000
1581860207.541605	8.283113	0.030102	-1.907051	0.034797	-0.000941	0.014980	0.159187	0.092376	-0.050853	0.000000
1581860207.792152	8.265006	-0.006168	-1.991562	0.040503	-0.001712	0.014980	0.159187	0.110929	-0.052075	0.000000
1581860208.066476	8.238753	-0.045049	-2.106979	0.046836	-0.002706	-0.067011	0.092335	0.087371	-0.051516	0.000000
1581860208.319795	8.202631	-0.084401	-2.244612	0.053291	-0.003673	-0.087573	0.079188	0.064202	-0.064267	0.000000
1581860208.573541	8.202631	-0.084401	-2.244612	0.053291	-0.003673	-0.113028	0.047910	0.049175	-0.082119	0.000000
1581860208.824227	8.158949	-0.117432	-2.410977	0.054576	-0.004550	-0.116018	0.044556	0.044594	-0.078506	0.000000
1581860209.074645	8.117491	-0.140310	-2.561890	0.047216	-0.003570	-0.114967	0.031322	0.024568	-0.093902	0.000000
1581860209.325004	8.072432	-0.157430	-2.706283	0.048076	-0.003477	-0.057310	0.039590	0.008943	-0.107038	0.000000
1581860209.578010	8.072432	-0.157430	-2.706283	0.048076	-0.003477	-0.010251	0.058063	-0.010561	-0.108197	0.000000
1581860209.832233	8.028483	-0.170827	-2.799245	0.045896	-0.002135	0.059337	0.081519	-0.017168	-0.110414	0.000000
1581860210.082594	7.986974	-0.181090	-2.865888	0.042736	-0.001425	0.044116	0.154770	-0.028555	-0.108008	0.000000
1581860210.332938	7.947666	-0.188629	-2.923355	0.040007	-0.001150	0.017400	0.171860	-0.038589	-0.099808	0.000000
1581860210.583364	7.947666	-0.188629	-2.923355	0.040007	-0.001150	0.017294	0.172841	-0.053744	-0.090705	0.000000
1581860210.844073	7.898466	-0.194403	-2.990964	0.049510	-0.001674	-0.005450	0.175916	0.005221	-0.086358	0.000000
1581860211.094419	7.848281	-0.197075	-3.055917	0.050229	-0.001632	-0.017567	0.166023	0.005221	-0.086358	0.000000
1581860211.344800	7.797313	-0.196421	-3.121594	0.050945	-0.001674	-0.021099	0.177050	0.088892	-0.058206	0.000000
1581860211.595123	7.797313	-0.196421	-3.121594	0.050945	-0.001674	-0.077672	0.087170	0.094336	-0.066277	0.000000
1581860211.845679	7.721243	-0.189437	3.087222	0.076337	-0.002840	-0.107818	0.081036	0.060761	-0.069406	0.000000
1581860212.098008	7.645371	-0.178055	3.024201	0.076683	-0.002417	-0.126939	0.061094	0.033011	-0.092372	0.000000
1581860212.348365	7.578836	-0.166093	2.983877	0.067588	-0.001363	-0.142010	0.045785	0.008030	-0.143392	0.000000
1581860212.598711	7.578836	-0.166093	2.983877	0.067588	-0.001363	-0.134282	0.039820	-0.014843	-0.168940	0.000000
1581860212.849111	7.520198	-0.155500	2.969872	0.059586	-0.000417	-0.041768	0.047052	-0.014843	-0.168940	0.000000
1581860213.123841	7.460695	-0.144558	2.963111	0.060500	-0.000205	0.016108	0.055789	-0.052107	-0.114974	0.000000
1581860213.383552	7.395738	-0.131939	2.954177	0.066171	-0.000296	0.039571	0.066121	-0.097109	-0.116621	0.000000
1581860213.634228	7.327302	-0.119114	2.955626	0.069627	0.000050	0.046692	0.084400	-0.102325	-0.093316	0.000000
1581860213.884518	7.327302	-0.119114	2.955626	0.069627	0.000050	0.061808	0.099154	-0.104296	-0.082564	0.000000
1581860214.134891	7.272194	-0.108788	2.956109	0.056067	0.000014	-0.023652	0.162222	-0.065228	-0.081372	0.000000
1581860214.385277	7.222936	-0.099453	2.954902	0.050134	-0.000030	-0.014030	0.173118	0.022462	-0.061593	0.000000
1581860214.635846	7.173880	-0.090462	2.958523	0.049873	0.000090	-0.063945	0.097663	0.062815	-0.056593	0.000000
1581860214.886244	7.173880	-0.090462	2.958523	0.049873	0.000090	-0.076595	0.096004	0.099735	-0.060266	0.000000
1581860215.136587	7.108776	-0.078993	2.964318	0.066107	0.000192	-0.094506	0.089541	0.070897	-0.072064	0.000000
1581860215.392529	7.033732	-0.067726	2.983152	0.075882	0.000715	-0.111784	0.081387	0.035374	-0.081902	0.000000
1581860215.657819	6.969470	-0.059903	3.008023	0.064731	0.000805	-0.115928	0.068132	0.026138	-0.126473	0.000000
1581860215.908288	6.910577	-0.053311	3.022752	0.059259	0.000436	-0.129634	0.057831	-0.003843	-0.170822	0.000000
1581860216.158740	6.910577	-0.053311	3.022752	0.059259	0.000436	-0.021901	0.053583	0.006575	-0.174468	0.000000
1581860216.409102	6.851779	-0.047045	3.031203	0.059130	0.000250	0.093725	0.049301	-0.024228	-0.105052	0.000000
1581860216.667316	6.773495	-0.039743	3.042793	0.078622	0.000456	0.112111	0.067557	-0.047060	-0.103699	0.000000
1581860217.001735	6.711518	-0.033804	3.044966	0.062260	0.000068	0.055177	0.162274	-0.087787	-0.091149	0.000000
1581860217.252173	6.660820	-0.029094	3.047622	0.050917	0.000068	0.069179	0.153806	-0.064264	-0.072557	0.000000
1581860217.502499	6.660820	-0.029094	3.047622	0.050917	0.000068	0.031504	0.169490	-0.063984	-0.070738	0.000000
1581860217.756609	6.614513	-0.025051	3.052210	0.046483	0.000107	0.020500	0.178153	-0.027801	-0.065656	0.000000
1581860218.006972	6.569567	-0.021154	3.054142	0.045114	0.000044	-0.017126	0.132158	0.066789	-0.060616	0.000000
1581860218.265195	6.569567	-0.021154	3.054142	0.045114	0.000044	-0.054122	0.091295	0.128576	-0.064567	0.000000
1581860218.515577	6.499888	-0.012518	3.030237	0.070207	-0.000839	-0.073093	0.078680	0.116245	-0.063897	0.000000
1581860218.788059	6.425882	-0.000941	3.001020	0.074897	-0.001094	-0.084118	0.074164	0.103918	-0.063077	0.000000
1581860219.038764	6.359660	0.015812	2.929548	0.068265	-0.002441	-0.076606	0.065993	0.099168	-0.080174	0.000000
1581860219.288965	6.359660	0.015812	2.929548	0.068265	-0.002441	-0.122638	0.037927	0.056133	-0.135624	0.000000
1581860219.539344	6.294362	0.041354	2.822340	0.070015	-0.003757	-0.133345	0.032033	0.028100	-0.124900	0.000000
1581860219.803351	6.231869	0.073721	2.716581	0.070279	-0.003720	-0.104572	0.034554	0.019272	-0.154520	0.000000
1581860220.066738	6.180786	0.105242	2.631345	0.059971	-0.002557	0.009128	0.045160	-0.019181	-0.179585	0.000000
1581860220.320375	6.132540	0.139632	2.558666	0.059209	-0.002153	0.073208	0.064521	-0.049287	-0.156313	0.000000
1581860220.570747	6.132540	0.139632	2.558666	0.059209	-0.002153	0.058477	0.067223	-0.082213	-0.127004	0.000000
1581860220.821259	6.088512	0.173274	2.512305	0.055395	-0.001284	0.042237	0.079051	-0.089334	-0.108547	0.000000
1581860221.086838	6.040769	0.211483	2.481881	0.061143	-0.000930	0.022163	0.091236	-0.099536	-0.112493	0.000000
1581860221.337277	5.993078	0.253696	2.438660	0.063675	-0.001376	-0.026991	0.094545	-0.054141	-0.092106	0.000000
1581860221.589536	5.993078	0.253696	2.438660	0.063675	-0.001376	-0.061561	0.090584	-0.008662	-0.084227	0.000000
1581860221.839917	5.946108	0.301397	2.378537	0.066914	-0.002012	-0.071136	0.088411	0.081281	-0.063746	0.000000
1581860222.090511	5.896021	0.363902	2.290404	0.080020	-0.003528	-0.114478	0.078247	0.072265	-0.060910	0.000000
1581860222.340704	5.850858	0.433414	2.194786	0.082801	-0.003962	-0.147459	0.042932	0.033602	-0.082074	0.000000
1581860222.593319	5.850858	0.433414	2.194786	0.082801	-0.003962	-0.158313	0.037634	0.002966	-0.161851	0.000000
1581860222.843663	5.816335	0.497138	2.109792	0.072409	-0.003079	-0.158313	0.037634	0.002095	-0.178402	0.000000
1581860223.093982	5.786964	0.560395	2.040251	0.069702	-0.002425	-0.158313	0.037634	0.002095	-0.178402	0.000000
1581860223.344389	5.761181	0.622391	1.990028	0.067122	-0.001686	-0.158313	0.037634	-0.049965	-0.152474	0.000000
1581860223.594758	5.734287	0.690273	1.962018	0.073008	-0.001023	-0.158313	0.037634	-0.100671	-0.120285	0.000000
1581860223.845938	5.734287	0.690273	1.962018	0.073008	-0.001023	-0.158313	0.037634	-0.112004	-0.107766	0.000000
1581860224.096360	5.708101	0.757384	1.949221	0.072038	-0.000461	0.025793	0.087836	-0.127073	-0.092094	0.000000
1581860224.346866	5.688146	0.810406	1.936906	0.056652	-0.000349	-0.007231	0.144260	-0.136963	-0.098060	0.000000
1581860224.597234	5.672990	0.851303	1.929421	0.043615	-0.000163	-0.011199	0.167750	-0.083676	-0.079239	0.000000
1581860224.847913	5.672990	0.851303	1.929421	0.043615	-0.000163	-0.011199	0.167750	-0.027667	-0.072349	0.000000
1581860225.098472	5.654407	0.898076	1.942460	0.050328	0.000328	-0.015527	0.178567	0.034374	-0.057328	0.000000
1581860225.348893	5.631701	0.954927	1.948014	0.061217	0.000170	-0.052047	0.128970	0.057996	-0.059179	0.000000
1581860225.599251	5.605059	1.019961	1.955740	0.070279	0.000272	-0.096580	0.089957	0.053936	-0.063670	0.000000
1581860225.849598	5.605059	1.019961	1.955740	0.070279	0.000272	-0.118991	0.077972	0.026899	-0.077738	0.000000
1581860226.122452	5.582284	1.075024	1.960569	0.059587	0.000144	-0.116817	0.073992	0.019230	-0.123510	0.000000
1581860226.380464	5.557532	1.133287	1.968538	0.063303	0.000252	-0.133331	0.056700	-0.008575	-0.168190	0.000000
1581860226.630937	5.534360	1.183480	1.991718	0.055280	0.000641	-0.092581	0.053254	-0.012055	-0.178374	0.000000
1581860226.881439	5.534360	1.183480	1.991718	0.055280	0.000641	0.046062	0.042852	-0.037265	-0.137291	0.000000
1581860227.146076	5.510839	1.230393	2.020934	0.052474	0.000767	0.102723	0.050095	-0.073628	-0.104952	0.000000
1581860227.411460	5.482204	1.279043	2.075504	0.056430	0.001540	0.093834	0.059778	-0.086768	-0.086448	0.000000
1581860227.662062	5.443099	1.329533	2.178366	0.063778	0.003283	0.059011	0.067031	-0.113524	-0.067103	0.000000
1581860227.912414	5.397152	1.375081	2.299821	0.064579	0.003927	0.049820	0.074101	-0.142842	-0.044593	0.000000
1581860228.162674	5.397152	1.375081	2.299821	0.064579	0.003927	0.016871	0.155134	-0.150394	-0.041425	0.000000
1581860228.422105	5.336481	1.422837	2.416446	0.077080	0.004500	0.000923	0.151474	-0.106023	-0.053897	0.000000
1581860228.676456	5.268563	1.464768	2.531139	0.079688	0.004575	-0.024040	0.159234	-0.007267	-0.057005	0.000000
1581860228.927558	5.192245	1.504331	2.619272	0.085880	0.003787	-0.017651	0.175012	0.047591	-0.059806	0.000000
1581860229.177969	5.192245	1.504331	2.619272	0.085880	0.003787	-0.038059	0.127531	0.140554	-0.052816	0.000000
1581860229.439467	5.104391	1.548298	2.658147	0.098223	0.001909	-0.003952	0.142615	0.109922	-0.047378	0.000000
1581860229.689906	5.014021	1.590202	2.690986	0.099599	0.001635	-0.169792	0.074810	-0.007291	-0.091102	0.000000
1581860229.948377	4.935418	1.621167	2.741209	0.084456	0.002121	-0.166724	0.072875	-0.028909	-0.165756	0.000000
1581860230.207737	4.935418	1.621167	2.741209	0.084456	0.002121	-0.046795	0.062379	-0.042825	-0.140064	0.000000
1581860230.457970	4.858317	1.645206	2.806645	0.080718	0.002642	0.078512	0.051495	-0.086913	-0.097982	0.000000
1581860230.708496	4.779523	1.660276	2.903953	0.080127	0.003902	0.099509	0.070578	-0.108641	-0.062522	0.000000
1581860230.974931	4.704925	1.667489	2.998123	0.074863	0.003527	0.101435	0.062801	-0.163256	-0.048303	0.000000
1581860231.228786	4.704925	1.667489	2.998123	0.074863	0.003527	-0.006254	0.154177	-0.194833	-0.039288	0.000000
1581860231.480142	4.632134	1.667096	3.097363	0.072702	0.003610	-0.002344	0.155271	-0.194175	-0.046677	0.000000
1581860231.730549	4.568614	1.661795	-3.100829	0.063683	0.002708	-0.014439	0.168510	-0.134918	-0.050702	0.000000
1581860231.980818	4.501385	1.653584	-3.046983	0.067704	0.001823	-0.026645	0.172800	0.002484	-0.052315	0.000000
1581860232.232211	4.501385	1.653584	-3.046983	0.067704	0.001823	-0.075512	0.128751	0.077331	-0.062121	0.000000
1581860232.493931	4.432273	1.642394	-3.003037	0.069996	0.001538	-0.097294	0.085425	0.081632	-0.068678	0.000000
1581860232.746629	4.365574	1.630965	-2.982272	0.067667	0.000703	-0.101924	0.079881	0.067074	-0.067580	0.000000
1581860232.997301	4.304135	1.620887	-2.980099	0.062260	0.000068	-0.131451	0.072131	0.028674	-0.075784	0.000000
1581860233.247618	4.247597	1.610770	-2.969716	0.057435	0.000298	-0.106963	0.069001	0.018424	-0.093667	0.000000
1581860233.497964	4.247597	1.610770	-2.969716	0.057435	0.000298	-0.004666	0.059458	0.000763	-0.103659	0.000000
1581860233.780138	4.190075	1.599881	-2.959574	0.058543	0.000297	0.047749	0.053866	-0.019006	-0.101048	0.000000
1581860234.046216	4.122171	1.586363	-2.949916	0.069235	0.000334	0.121386	0.062828	-0.075683	-0.091016	0.000000
1581860234.298365	4.053007	1.570928	-2.931324	0.070862	0.000659	0.097591	0.072949	-0.081421	-0.087458	0.000000
1581860234.548703	4.053007	1.570928	-2.931324	0.070862	0.000659	0.069145	0.077317	-0.107617	-0.078701	0.000000
1581860234.798978	3.995271	1.557288	-2.916836	0.059325	0.000430	0.036143	0.141470	-0.106279	-0.076913	0.000000
1581860235.049339	3.937455	1.543695	-2.912731	0.059392	0.000122	-0.011549	0.164925	-0.110430	-0.075484	0.000000
1581860235.302618	3.871386	1.527343	-2.903556	0.068062	0.000312	-0.008256	0.160451	-0.055025	-0.083232	0.000000
1581860235.552979	3.804148	1.511105	-2.904280	0.069171	-0.000025	-0.004757	0.159680	0.061617	-0.063021	0.000000
1581860235.803678	3.804148	1.511105	-2.904280	0.069171	-0.000025	-0.045995	0.091423	0.120638	-0.058856	0.000000
1581860236.054199	3.730319	1.493842	-2.909351	0.075821	-0.000192	-0.063857	0.066656	0.112237	-0.070964	0.000000
1581860236.319701	3.663472	1.477648	-2.905729	0.068780	0.000125	-0.076029	0.061976	0.063111	-0.079146	0.000000
1581860236.573233	3.610748	1.464633	-2.901624	0.054307	0.000111	-0.109026	0.065431	0.042195	-0.078890	0.000000
1581860236.823601	3.610748	1.464633	-2.901624	0.054307	0.000111	-0.124519	0.063485	0.011717	-0.088968	0.000000
1581860237.073965	3.570070	1.454507	-2.898968	0.041920	0.000056	-0.104153	0.063337	-0.004869	-0.091813	0.000000
1581860237.324334	3.528358	1.443685	-2.891483	0.043093	0.000161	-0.004191	0.064754	-0.024680	-0.095403	0.000000
1581860237.590198	3.480137	1.430451	-2.879651	0.050003	0.000296	0.056074	0.065587	-0.038486	-0.092617	0.000000
1581860237.861287	3.480137	1.430451	-2.879651	0.050003	0.000296	0.086925	0.073514	-0.039866	-0.092307	0.000000
1581860238.116778	3.427613	1.416145	-2.876995	0.054437	0.000072	0.107701	0.075076	-0.055593	-0.082977	0.000000
1581860238.367100	3.357459	1.395435	-2.862025	0.073145	0.000548	0.019007	0.152222	-0.098015	-0.066830	0.000000
1581860238.617475	3.303490	1.380004	-2.862749	0.056132	-0.000020	0.015462	0.154567	-0.101087	-0.067302	0.000000
1581860238.874243	3.303490	1.380004	-2.862749	0.056132	-0.000020	-0.027884	0.168946	-0.089479	-0.063962	0.000000
1581860239.124645	3.248416	1.364646	-2.867337	0.057175	-0.000131	-0.018529	0.170736	-0.014338	-0.059437	0.000000
1581860239.375168	3.188297	1.348458	-2.874822	0.062260	-0.000233	-0.012604	0.166237	0.096618	-0.053883	0.000000
1581860239.625503	3.119423	1.331500	-2.891724	0.070928	-0.000599	-0.047691	0.170453	0.090784	-0.060192	0.000000
1581860239.875835	3.119423	1.331500	-2.891724	0.070928	-0.000599	-0.104617	0.092286	0.041092	-0.070585	0.000000
1581860240.134158	3.055184	1.315896	-2.899451	0.066106	-0.000255	-0.103497	0.070023	0.034195	-0.086243	0.000000
1581860240.390785	3.003458	1.302922	-2.897036	0.053329	0.000064	-0.128009	0.054367	0.010642	-0.107743	0.000000
1581860240.641156	2.957396	1.290697	-2.887136	0.047656	0.000236	-0.139645	0.058663	-0.027768	-0.133052	0.000000
1581860240.891634	2.904749	1.276596	-2.882307	0.054502	0.000132	-0.009497	0.056231	-0.013349	-0.117511	0.000000
1581860241.142323	2.904749	1.276596	-2.882307	0.054502	0.000132	0.063865	0.062430	-0.057707	-0.099971	0.000000
1581860241.395121	2.852062	1.261903	-2.873856	0.054697	0.000231	0.078986	0.070735	-0.079730	-0.092125	0.000000
1581860241.645506	2.792597	1.245545	-2.873373	0.061674	0.000015	0.069416	0.079231	-0.080609	-0.091055	0.000000
1581860241.895868	2.792597	1.245545	-2.873373	0.061674	0.000015	0.010195	0.169083	-0.116711	-0.075273	0.000000
1581860242.146259	2.734642	1.228413	-2.860576	0.060433	0.000387	-0.020690	0.163481	-0.141096	-0.068662	0.000000
1581860242.409776	2.699560	1.217844	-2.852849	0.036639	0.000142	-0.004497	0.159791	-0.046632	-0.077610	0.000000
1581860242.664529	2.681033	1.212217	-2.848744	0.019363	0.000040	0.002801	0.169090	0.030846	-0.059445	0.000000
1581860242.914976	2.679100	1.211628	-2.847054	0.002021	0.000002	-0.005154	0.171865	0.043189	-0.061945	0.000000
1581860243.165324	2.679100	1.211628	-2.847054	0.002021	0.000002	-0.000520	0.174813	0.008681	-0.075116	0.000000
1581860243.415713	2.680223	1.211967	-2.848020	-0.001173	0.000001	-0.026754	0.086808	-0.028145	-0.095023	0.000000
1581860243.707152	2.680036	1.211911	-2.847779	0.000196	0.000000	-0.025826	0.084646	-0.036620	-0.096627	0.000000
1581860243.957616	2.679724	1.211816	-2.847054	0.000326	0.000000	-0.020404	0.077778	-0.025882	-0.102761	0.000000
1581860244.210043	2.679724	1.211816	-2.847054	0.000326	0.000000	-0.029419	0.082208	-0.033072	-0.097503	0.000000
1581860244.460436	2.679662	1.211797	-2.847296	0.000065	-0.000000	-0.023141	0.083304	-0.020945	-0.096675	0.000000
1581860244.710817	2.679599	1.211778	-2.847054	0.000065	0.000000	-0.019472	0.080871	-0.016687	-0.096515	0.000000
1581860244.973755	2.679599	1.211778	-2.847054	0.000000	-0.000000	-0.032737	0.084801	-0.033030	-0.090706	0.000000
1581860245.230088	2.679599	1.211778	-2.847054	0.000000	-0.000000	-0.024537	0.085650	-0.025764	-0.094000	0.000000
1581860245.489152	2.679662	1.211797	-2.847296	-0.000065	0.000000	-0.026516	0.084697	-0.027878	-0.096577	0.000000
1581860245.739675	2.679662	1.211797	-2.847296	0.000000	-0.000000	-0.028143	0.086001	-0.024467	-0.098625	0.000000
1581860245.989946	2.679662	1.211797	-2.847296	0.000000	-0.000000	-0.029564	0.083691	-0.026229	-0.092732	0.000000
1581860246.247127	2.679662	1.211797	-2.847296	0.000000	-0.000000	-0.028856	0.080228	-0.027918	-0.090932	0.000000
1581860246.497524	2.679662	1.211797	-2.847296	0.000000	-0.000000	-0.032471	0.084542	-0.030722	-0.089777	0.000000
1581860246.766917	2.679537	1.211759	-2.846813	0.000130	0.000000	-0.038523	0.086426	-0.037800	-0.092496	0.000000
1581860247.022075	2.679412	1.211721	-2.847296	0.000130	0.000000	-0.034761	0.089082	-0.033489	-0.091117	0.000000
1581860247.272466	2.679412	1.211721	-2.847296	0.000130	0.000000	-0.030662	0.082514	-0.029620	-0.092851	0.000000
1581860247.533906	2.679412	1.211721	-2.847296	0.000000	-0.000000	-0.030839	0.087314	-0.034248	-0.091791	0.000000
1581860247.784134	2.679287	1.211683	-2.846813	0.000130	0.000000	-0.035438	0.080841	-0.032257	-0.092898	0.000000
1581860248.060534	2.679350	1.211702	-2.847054	-0.000065	0.000000	-0.035877	0.079465	-0.032925	-0.093470	0.000000
1581860248.311449	2.679287	1.211683	-2.846813	0.000065	0.000000	-0.034757	0.083311	-0.029358	-0.097520	0.000000
1581860248.561828	2.679287	1.211683	-2.846813	0.000065	0.000000	-0.031175	0.083404	-0.024596	-0.098961	0.000000
1581860248.812199	2.679100	1.211626	-2.846571	0.000196	0.000000	-0.026172	0.080638	-0.019618	-0.100151	0.000000
1581860249.062601	2.679100	1.211626	-2.846571	0.000000	-0.000000	-0.021548	0.077036	-0.018883	-0.099268	0.000000
1581860249.326692	2.679100	1.211626	-2.846571	0.000000	-0.000000	-0.031998	0.080066	-0.027981	-0.095175	0.000000
1581860249.577488	2.679100	1.211626	-2.846571	0.000000	-0.000000	-0.032118	0.080375	-0.029209	-0.097138	0.000000
1581860249.827972	2.679100	1.211626	-2.846571	0.000000	-0.000000	-0.035060	0.078858	-0.031505	-0.098295	0.000000
1581860250.078409	2.678976	1.211589	-2.846571	0.000130	-0.000000	-0.036608	0.078548	-0.032031	-0.096912	0.000000
1581860250.329108	2.678976	1.211589	-2.846571	0.000130	-0.000000	-0.026672	0.071944	-0.023113	-0.101038	0.000000
1581860250.591334	2.678976	1.211589	-2.846571	0.000000	-0.000000	-0.034253	0.079989	-0.027837	-0.098061	0.000000
1581860250.841714	2.678976	1.211589	-2.846571	0.000000	-0.000000	-0.036266	0.082193	-0.028222	-0.098175	0.000000
1581860251.092964	2.678976	1.211589	-2.846571	0.000000	-0.000000	-0.035337	0.082817	-0.029439	-0.099327	0.000000
1581860251.343358	2.678976	1.211589	-2.846571	0.000000	-0.000000	-0.035982	0.079442	-0.030157	-0.095892	0.000000
1581860251.600436	2.678976	1.211589	-2.846571	0.000000	-0.000000	-0.030303	0.075877	-0.019484	-0.099705	0.000000
1581860251.855960	2.678913	1.211570	-2.846330	0.000065	0.000000	-0.030542	0.077583	-0.025883	-0.098586	0.000000
1581860252.106493	2.678726	1.211513	-2.846571	0.000196	-0.000000	-0.027516	0.077790	-0.022410	-0.096241	0.000000
1581860252.356871	2.678726	1.211513	-2.846571	0.000000	-0.000000	-0.028717	0.080180	-0.026564	-0.093517	0.000000
1581860252.607233	2.678726	1.211513	-2.846571	0.000000	-0.000000	-0.028928	0.087432	-0.030231	-0.093911	0.000000
1581860252.857647	2.678539	1.211456	-2.846330	0.000196	0.000000	-0.032606	0.087697	-0.001372	-0.082477	0.000000
1581860253.108151	2.675920	1.210657	-2.845847	0.002738	0.000001	-0.035638	0.089673	0.042111	-0.073671	0.000000
1581860253.358719	2.669365	1.208683	-2.848020	0.006845	-0.000007	-0.033435	0.089300	0.118910	-0.062400	0.000000
1581860253.609131	2.669365	1.208683	-2.848020	0.006845	-0.000007	-0.009778	0.163163	0.124034	-0.060626	0.000000
1581860253.859444	2.629136	1.196442	-2.846813	0.042050	0.000025	-0.039689	0.167934	0.087612	-0.057469	0.000000
1581860254.110005	2.555717	1.174585	-2.850435	0.076603	-0.000139	-0.058692	0.121047	0.080926	-0.065407	0.000000
1581860254.360450	2.472858	1.150635	-2.856954	0.086251	-0.000281	-0.106261	0.073832	0.050897	-0.073696	0.000000
1581860254.610781	2.472858	1.150635	-2.856954	0.086251	-0.000281	-0.108513	0.046694	0.034523	-0.098104	0.000000
1581860254.881624	2.388085	1.126497	-2.861783	0.088142	-0.000213	-0.123125	0.055089	-0.046155	-0.098099	0.000000
1581860255.170194	2.305204	1.104073	-2.872166	0.085859	-0.000446	-0.019635	0.046452	-0.069923	-0.110185	0.000000
1581860255.420621	2.217390	1.082508	-2.891241	0.090419	-0.000862	0.048750	0.065250	-0.092097	-0.107996	0.000000
1581860255.671413	2.140475	1.063579	-2.897278	0.079210	-0.000239	0.056696	0.065985	-0.093031	-0.109409	0.000000
1581860255.921901	2.140475	1.063579	-2.897278	0.079210	-0.000239	0.021806	0.116417	-0.143429	-0.096516	0.000000
1581860256.172035	2.073832	1.047375	-2.901141	0.068584	-0.000132	-0.007686	0.178957	-0.113998	-0.088399	0.000000
1581860256.422475	2.025819	1.035676	-2.902107	0.049417	-0.000024	-0.007686	0.178957	-0.019572	-0.068079	0.000000
1581860256.685339	1.984056	1.026166	-2.912490	0.042832	-0.000222	-0.009462	0.172106	0.039387	-0.057225	0.000000
1581860256.935811	1.984056	1.026166	-2.912490	0.042832	-0.000222	-0.039819	0.128034	0.108304	-0.059614	0.000000
1581860257.186257	1.939495	1.017278	-2.933980	0.045437	-0.000488	-0.067021	0.082683	0.105006	-0.060404	0.000000
1581860257.436685	1.874932	1.008759	-2.984928	0.065101	-0.001659	-0.082720	0.063312	0.090971	-0.064458	0.000000
1581860257.701623	1.874932	1.008759	-2.984928	0.065101	-0.001659	-0.122411	0.060450	0.049776	-0.065135	0.000000
1581860257.953695	1.801046	1.009654	-3.097448	0.073774	-0.004155	-0.144581	0.034985	0.026051	-0.114230	0.000000
1581860258.204021	1.728197	1.016671	3.092292	0.073107	-0.003418	-0.148149	0.033005	0.019099	-0.145228	0.000000
1581860258.454359	1.669989	1.026224	3.016715	0.058945	-0.002228	-0.130989	0.040509	-0.021651	-0.152686	0.000000
1581860258.704674	1.669989	1.026224	3.016715	0.058945	-0.002228	0.011615	0.060099	-0.020762	-0.114299	0.000000
1581860258.955730	1.614825	1.037898	2.960938	0.056364	-0.001572	0.073653	0.082511	-0.053677	-0.102876	0.000000
1581860259.215599	1.550458	1.052374	2.933894	0.065968	-0.000892	0.074263	0.084062	-0.069201	-0.098246	0.000000
1581860259.466031	1.491461	1.067170	2.908541	0.060820	-0.000771	0.055977	0.091331	-0.077860	-0.086561	0.000000
1581860259.716624	1.491461	1.067170	2.908541	0.060820	-0.000771	0.007740	0.160316	-0.044475	-0.089452	0.000000
1581860259.967115	1.435010	1.083633	2.874737	0.058794	-0.000994	-0.000816	0.171684	0.038455	-0.071940	0.000000
1581860260.217529	1.379632	1.103201	2.826203	0.058717	-0.001425	-0.013725	0.132261	0.131049	-0.051363	0.000000
1581860260.467902	1.306414	1.134075	2.770426	0.079431	-0.002216	-0.041011	0.115933	0.137937	-0.052234	0.000000
1581860260.718434	1.306414	1.134075	2.770426	0.079431	-0.002216	-0.096468	0.082786	0.084349	-0.054936	0.000000
1581860260.968749	1.230667	1.175680	2.683018	0.086337	-0.003776	-0.128248	0.054753	0.050600	-0.066706	0.000000
1581860261.219185	1.165758	1.222030	2.575326	0.079644	-0.004293	-0.154338	0.034534	0.017627	-0.089550	0.000000
1581860261.473800	1.121643	1.259786	2.480916	0.058002	-0.002740	-0.137139	0.033350	0.006537	-0.104915	0.000000
1581860261.724133	1.121643	1.259786	2.480916	0.058002	-0.002740	-0.112445	0.037159	-0.003113	-0.106290	0.000000
1581860261.974250	1.084737	1.297167	2.393507	0.052480	-0.002295	-0.030547	0.048906	0.001443	-0.163498	0.000000
1581860262.224651	1.040757	1.352778	2.291128	0.070807	-0.003628	0.070587	0.063047	-0.028856	-0.121967	0.000000
1581860262.475479	1.040757	1.352778	2.291128	0.070807	-0.003628	0.079126	0.066783	-0.064783	-0.151903	0.000000
1581860262.725792	1.000109	1.409933	2.223036	0.070095	-0.002387	0.040254	0.067438	-0.085480	-0.127978	0.000000
1581860262.976260	0.964158	1.462351	2.188991	0.063552	-0.001082	0.018997	0.131148	-0.104360	-0.099025	0.000000
1581860263.226591	0.932818	1.509310	2.169191	0.056454	-0.000559	-0.000555	0.134585	-0.095163	-0.085426	0.000000
1581860263.476987	0.932818	1.509310	2.169191	0.056454	-0.000559	-0.010404	0.123751	-0.006404	-0.080087	0.000000
1581860263.728124	0.902808	1.555196	2.156393	0.054827	-0.000351	-0.019848	0.101356	0.032986	-0.071495	0.000000
1581860263.978549	0.873077	1.600486	2.153255	0.054176	-0.000085	-0.053976	0.079771	0.084741	-0.059968	0.000000
1581860264.228929	0.839069	1.653569	2.144803	0.063042	-0.000266	-0.071469	0.083088	0.092630	-0.067056	0.000000
1581860264.479230	0.839069	1.653569	2.144803	0.063042	-0.000266	-0.095522	0.074714	0.051434	-0.087516	0.000000
1581860264.730409	0.798720	1.717377	2.138043	0.075494	-0.000255	-0.108098	0.070235	0.005144	-0.159661	0.000000
1581860264.980833	0.761901	1.776011	2.133696	0.069236	-0.000150	-0.127331	0.050952	-0.000641	-0.175906	0.000000
1581860265.231040	0.728666	1.827886	2.138284	0.061608	0.000141	-0.133530	0.039814	-0.000641	-0.175906	0.000000
1581860265.481353	0.728666	1.827886	2.138284	0.061608	0.000141	-0.065726	0.043275	-0.010046	-0.177902	0.000000
1581860265.731740	0.698340	1.872068	2.160981	0.053585	0.000608	0.059678	0.045404	-0.045145	-0.141320	0.000000
1581860265.981999	0.671808	1.907907	2.192371	0.044585	0.000700	0.091747	0.049762	-0.062454	-0.117879	0.000000
1581860266.232345	0.639368	1.949491	2.219656	0.052736	0.000719	0.107829	0.057156	-0.081228	-0.091941	0.000000
1581860266.482621	0.639368	1.949491	2.219656	0.052736	0.000719	0.081115	0.055120	-0.117464	-0.089266	0.000000
1581860266.732958	0.593588	1.999578	2.280745	0.067825	0.002072	0.037575	0.065108	-0.151391	-0.070772	0.000000
1581860266.987897	0.540372	2.047911	2.363083	0.071828	0.002959	0.013079	0.069725	-0.165731	-0.068548	0.000000
1581860267.240675	0.478867	2.093857	2.454355	0.076692	0.003502	-0.026067	0.082460	-0.141778	-0.055445	0.000000
1581860267.491055	0.478867	2.093857	2.454355	0.076692	0.003502	-0.018683	0.153929	-0.044256	-0.068699	0.000000
1581860267.741908	0.410989	2.135133	2.548283	0.079355	0.003730	-0.064628	0.093471	0.039507	-0.073757	0.000000
1581860267.993202	0.346306	2.167679	2.633035	0.072344	0.003068	-0.072101	0.094280	0.063862	-0.075477	0.000000
1581860268.243665	0.275577	2.198394	2.698954	0.077069	0.002541	-0.110862	0.087297	0.048257	-0.075926	0.000000
1581860268.503303	0.275577	2.198394	2.698954	0.077069	0.002541	-0.126190	0.082509	0.011341	-0.133546	0.000000
1581860268.753582	0.193973	2.229183	2.753524	0.087187	0.002379	-0.144810	0.071053	-0.021600	-0.174565	0.000000
1581860269.003927	0.110231	2.254694	2.815096	0.087500	0.002695	-0.087081	0.065447	-0.044263	-0.179082	0.000000
1581860269.254273	0.039594	2.272900	2.864595	0.072923	0.001805	-0.025948	0.059171	-0.097524	-0.110641	0.000000
1581860269.504428	0.039594	2.272900	2.864595	0.072923	0.001805	0.079326	0.055202	-0.114252	-0.090688	0.000000
1581860269.765664	-0.036405	2.287065	2.926409	0.077271	0.002389	0.075072	0.050130	-0.150722	-0.070847	0.000000
1581860270.016054	-0.118898	2.292905	3.022752	0.082603	0.003982	0.049463	0.059982	-0.187229	-0.050332	0.000000
1581860270.266406	-0.205723	2.288754	3.133823	0.086790	0.004825	0.031507	0.061959	-0.208497	-0.030012	0.000000
1581860270.518514	-0.282675	2.278137	-3.052778	0.077591	0.003750	-0.013547	0.160102	-0.216890	-0.029767	0.000000
1581860270.768900	-0.282675	2.278137	-3.052778	0.077591	0.003750	-0.030075	0.162966	-0.145049	-0.051803	0.000000
1581860271.019311	-0.350823	2.263032	-2.966577	0.069737	0.003008	-0.042310	0.163472	-0.000219	-0.062681	0.000000
1581860271.289593	-0.435315	2.235619	-2.874098	0.088733	0.004106	-0.061982	0.171945	0.067238	-0.071830	0.000000
